83442
75622
34180
94307
61941
33419
55663
5639
5795
67250
13551
74277
32115
80344
69746
20393
42387
90390
65703
55407
36244
9323
71334
47855
68737
47158
45115
47548
47749
14078
29636
69364
7441
20636
76545
37194
62045
40274
29648
2744
15289
67769
19558
99817
20177
13601
59655
41427
76476
28263
67109
29513
19480
38528
20498
39042
97800
58874
69127
8529
54047
23981
28058
77998
84391
61819
74043
7185
28063
70722
23943
3586
45256
99531
15100
54389
99501
44273
92542
21277
28147
23863
36275
99476
2150
52079
68535
44187
89726
68202
65424
31656
32996
50185
32547
12361
40265
53716
42768
44265
14917
13026
43171
62573
14959
28937
75349
5562
60304
94065
85912
92973
45325
84997
65544
72193
80800
37853
16991
98691
94674
4832
22258
67119
821
72280
68946
88678
84868
88062
70899
51159
72888
39488
31289
25333
71506
96750
70542
68731
84334
23344
21299
10664
34851
5851
63391
75510
8970
80636
27526
74059
6114
34402
33476
42507
51868
68462
11470
48813
4451
35348
44998
28905
81673
13114
35325
87796
73310
66545
29955
2733
75525
84327
50148
58527
9681
84614
26706
5856
58116
65959
94547
93295
13375
41770
11105
34191
45882
74747
86821
21825
27536
79700
63494
90915
79747
4754
92913
48164
49149
1296
38873
1837
42989
14453
77928
42842
54211
57339
40013
41549
25531
26636
19860
80509
33112
38413
68491
57075
83573
25081
62483
26564
90294
78153
42054
94884
38156
46300
12388
39370
15864
71398
29213
72560
92595
42447
68611
44628
28580
29394
65421
36825
38463
21595
23238
37378
53388
85078
41953
46492
31491
30305
45946
45493
91033
22528
94882
38034
25690
94191
91465
26936
94200
22196
50902
55676
11336
83747
66178
90339
6512
5342
15918
58438
36150
52395
45323
87280
76776
99805
20868
53708
17075
47750
21128
67576
15053
46159
40959
31031
68390
10427
66944
1254
26588
98379
97612
43265
93235
64365
67268
74067
76548
50956
65288
48665
89248
69581
9123
36305
54793
70713
16015
75432
23075
13809
98069
2250
4668
27574
68601
325
36892
56634
41202
30416
32788
44223
18102
66311
72860
21176
37370
64825
30239
83638
53630
75141
79345
19833
71083
27540
80610
36838
90685
51645
68520
37452
95018
90458
6828
49500
4626
89312
63411
53096
38514
84950
31032
88540
63546
33762
71570
20802
68642
65447
64437
17251
27478
56348
35492
82465
42450
10899
51975
99619
32422
77534
59724
24990
64310
10928
6300
55583
45488
34906
32566
81646
863
34244
40058
4179
15025
63496
11143
23495
10341
12654
14731
21828
4987
57109
19088
57187
90841
43491
4216
18500
7933
95491
75844
79309
58848
11227
58903
54596
34988
45897
40125
17126
4375
53626
91368
94691
92074
55016
87329
41949
27621
97037
31315
34026
60661
69467
92183
59749
63733
11752
97459
20468
57739
62807
20740
7928
89364
53599
62843
54032
42782
74864
93110
85132
31021
98049
21504
56981
71428
87856
12919
47298
24710
54639
37763
79037
13509
55416
48838
62116
21305
12365
91353
29522
71655
96087
23865
26862
88250
34681
54397
22436
46386
81272
26074
76685
19839
26715
9461
12913
23675
12289
94542
6692
16486
9397
78168
38949
41831
55004
79685
81741
89468
74269
590
58391
98095
50857
76092
95804
2313
34748
2131
90542
69286
86507
66822
90374
77473
31525
56053
4810
32016
63647
73593
83775
20313
22167
17543
60398
67308
75968
6504
98597
29863
78395
86746
71175
49402
30687
24651
23792
37610
47464
89302
12758
2936
87010
21208
48544
98161
46984
42111
92886
22390
22357
47392
1676
89337
33948
98304
7051
43675
15293
4701
36910
48799
28779
33540
14878
31301
34369
61164
86115
47723
76445
98709
21688
68154
77991
83784
77290
35616
26870
77029
18751
3548
83493
77487
41583
55980
69776
90056
68101
2986
28141
18888
51747
45329
38990
